$ANSIBLE_VAULT;1.1;AES256
61333639653437316533376239386239633334346631363235656361633362306439306437333864
3538373337613431636437653533616630646638323537640a636430373138376266636262616330
31613132656239303665303033363666356165613439373236383664386232646535643765333966
6537646437336333660a653763366536326564366631636430636564646532376363646336656161
35373230343462343366616633333737653766623135316561636430356565383137376436633433
62396663623565343535663937393161303235386530663337303666363938343739353763373537
35333465396634373337303062356330383332306538636632653363313865653035323239613332
31393731633961333363313030306238666635343861306532626439313639333535316263326334
38663064343766303566626339353161373239656330366139666463626666353263353661306535
66623531303934313831616239343134663535616666616631353239666666316635643032636238
34363934353461363162613763383865353032303765643363376162653837313135643338636131
63663733393638653535626564616238393731373130613833333165346431346466313663353532
37373434343431363261326365646632366233626364366363343864633332643938393961616566
61313063393561396465366561626364333437633833363939396234613032346462396330396536
35343030383835343364393863323862633261636536363634663630623132316665393037313565
37353638353035636439323061336135616165373131643733383263393538316666323632383931
37333532303335313739343830316335663062316631623238336366353730363839396565373363
66633437393336326635613131306438623038303332316237393461353433636136353865373130
34613062353864653266383930313763356137616263333337656139356161316136626461373231
63303934626336323564363536366336656563323236323634616335306331343634663266316139
38393932323861356136383631356564336666386134356539326134623231633138366634383132
36636532613062366662356634393230323036336163656233616231656533396430396563343834
62636535393966343534343733353032303835333563353639356233333630323363383936646134
38623933376630396436666338623066323361656538313066346363303263643330393738376632
37613437383639376431363764656161306536383232306432626564353562353035336334623831
34326137343364333732316566326563356539623962323730353135393361646339383836393230
38616465666432373737393233666632316666353964326536623536306336353333613461333464
39623030336235333065303861666637643330356636636165373961643231626362303763653736
65313234343564333064303266323962626433373435643038636638353131363763393332636536
63363265343562613139633063376538346434356239383462613466376539323462666138636139
39653530633661323635373535633433653739643166633362313666313134613761643564343732
32613565623735326563386539643161663331333733383161646134396661363934623335666338
65373037646438386139336132343933383163336433633534366333636663663664613839376338
61313939326561333536386464643466313566633035636366646465623461633762643134353732
32326265663630333631353835356138316532653464656631366363643833336633323839633666
30623835343264323735326237353636383230663765356363333035353737626465393165643866
34656166666534316262383361333334663139356238376463343933656236373337316633653566
62363638323533366532333061323836626565663534313464376561396631366666653139356362
62613039353130396364386432636531343030613730613237386336656166363232376531373530
64353763356561653132373030313264303535336462316132613836373335396463346461633030
36356131313039663232646532333632646332663030313664316161363734313035646136623632
30616339343632643965396634643161643535363865366339306666386565646330306663343266
64616165346265313633613837303135646566613534663765653933316339633036363661333639
62666263333331666636316334343933303864396436666162626137656338316665393439366533
38393138616537333234643761323062313630306361346462653062626266396539626261393533
30623566373162306565396632393335303839326538343230323833623935373831633261356366
33383338363563376334363439616635383734343438396161383230383330626530633133613039
62343837633231366265326563393736393236363332666136363639306634643634343935336263
31323337313165363665376239363862306666383137356136326161343263376161653162613430
62326439366438663038346336343739333935386437313835643237303234646338326337633639
34363462323233626365323835646365366137643535653433363737643965376139393365313461
37393337653161313639323762316661396336653736393738353732313464396538353161383865
34306635326431343532383933336131613062643133613364356531323036343962653834396261
34386632343231333435343538653662656630373463303962336466356263343138353465313262
37303765346136323136633562626137356537326437643337613362313539656264653333363166
34393932336162653063333936393564623465663035343636343836396534646362626163326636
33616636353236633732303762356662646631373933383263373134316131353763666639373436
38616637303732343632326438626466626138373439333961663434623437383961323439663535
33646233383739646465333439623166323063396533623331333832613735343832393430323132
66343066663735313134613066346363653665303462393937373361623136616661613234373866
36303261643536663465306561663866356331363764666463306131613136656338303338306237
37333539643363633935326636643330303033386266636539623564626263353562323564333264
63306564643332643635316262626430636461613734663435326465643838393032613466303263
63663939313536343733623031633065336234363431383739326466613437373738653339353862
30363861646563343161343634643834383034343231303833333362666635303566653538306465
38343538336161613932383938336637616637333764633039373137666132643236303464653530
37306233383633623736333631313837326533363465383363656233393734653665373333356131
34376438643362653838303731306437653337373162396233616236656638623364346666303662
64366362306130386630396431396438383432663966633532636438623462363132383533333832
64636634653765313663326466303935333461316366613730613935613035333663396332343530
62346461333833306339383239323939373966666435653365613639623334636531636435353536
65663066663166626562616631656563336433623761646462356262663031336163666634323635
39653434636635346137326239366234386138626263303138613536336665623163396130373066
31333533313366353035303838666338333163313963323065653735656334393036656232396265
31633336373865623030376430393138303939376561653835396564383261333361376633373038
34353532626461396232323866313533643835306561303064356564323461343562656435356562
62393636383065323964336235613232653438346433356331343735393766313163353462633738
35363832643733396463653835333837623836303233363039363832313762303561313139343333
62353265636237333430323835663434393937386330316530666136316331383432396662336532
37376661373332383166363363663836303666383538656566303363366336633534333635373639
36636537373133623331626462613630653664393930316637343734383033633964626263326664
32663932363630643762656238633265306630303062343333626438633632393434663264633565
38306131326261353165613761383461636534623838323934303865653465303264623331626532
65643434386461336637626364626438623438663039633834663938373163376332663165626635
36653664323231633636303966313135656133396238363932613430356266636665383364306334
65626366633838313035643963393135383963633230613834653135653765396664356266636364
32326435336135643338353533313332653461373331643435306666386431643434666330616533
63323833666335666638376365376636626235653039656438333530396530623262323136343430
36633738303136343030636361643338333830373232646366643062393564613737313230386634
30666661633632323437643864653434656632376561366566666262643630646237386238353965
31636637656561303261346464656431353764333837353264663637363135346564393533353864
62623930663261323339373036333136373732356465323364616231376633613462303236646331
34626239386363386336383637643438633264663762623335313037623835623264303562336438
30393535626132323565646632363234356265323266643665333136343061643130643539323565
66363939303236383032343830396665323632623031323339353833633738373337663832623566
64366130343337323238376263373461326562356161326232646131666631636632343937313737
65316463336135363933316465613030343865376261303938376166376637313838623664326135
31326431373566393463623661633130643733663331336566356539353862646635386336306134
31356539353133383638346237623262643461336365383664356338626131386231306635373735
30653737333137313536323533333462663231646537666139613063376338313839646536623637
31646633313736333962383364396339336530633131656432303130353236303661643165336339
32366162316331663365363366353732313739316136653436613738313432646336633964653636
65616539393233343037356635366535326135633661666561623534613138373866396135306534
39613231393063653565643335383861373965653939376638386534313364633938653338386539
32363539636335336163666133643461653864653231363431303330383761393439333061623533
31353730343766656334363139306639653262656234313739353562363766616236316538653638
34343764316239643265343165316262383364393830383364333637663364353764636331326634
62333461353562393738626565333564626233383037656162616437643832633934666566643736
36306337643963323539393539336331326366343938383835663861643437376238366166303337
62373539613437386266383162646237313265336439316439323933336465366134383531343166
31313061653536333239613036393031326364313230636566366531363865613738373863313633
64366539363534646534346637326139363165303637653762383533333164623239613965646432
65653164613732346139646664643665643232356638376130343034623334636138386161373933
63623234366339376135356639393932326131313833366636336237653463396264663665313735
63613734336632376138306561313833393932636135393133366231303730373561616335663139
38653132353262343162336365663366313064303439353431666631383464633430633633376636
61376331363234666332363232613962656634363265393064373232386437393532313939396131
62663764393130323538343134633865623938656331393839663261616533396630373839386531
35303730363761336338353435346465306631373033336263346535613864306466346436653262
66373235363864303932386536376165393665663539373130653863373631613633353433346536
33663435343739336261613831383262313639353936396563376563343831646136386433626134
32323166313066356538313438656239383333346130316662363137653364346462303931366239
62633436306264626365363439303137393865313061653662303439666332656435323763373530
30383963333764316566363132373831316338376665626463316464373035306635623034653833
65623462303162346136326130386539613563326631633330643061333539633738313564323432
65376437623838336433346335643338326232663638333433326339393461626565636161383361
34663364396233313330643261353133666664613164396261353331356666326363313636363664
39356239313863393431626437376131656462393237383265393438303161306233386336376261
31383364636633343863303334363262323534653232643636386238323337356336643061353832
30646438393439346530666639313732316164616663376230303662643065633836353833316538
63316561376235626464623565643165626431663337623936306131383238653732336562376337
33383761643836396438356662303239376232313264373362646235623566656561393464363137
35386561386635336637323233393937373833633136363563656338626331626631346664613435
64306635663031393739323636633033373762333531386430393736653335646462636366373138
39613835646664313866323431393732396664356466303961383131353661636433396434656636
38373266613233313831303366613534386336333861646465353566663264346334316135316633
33313763346364353739653965333830656632396564393566383031383764643465656665333635
65333462626661326661633535313739303036363265633665643433303137313830313561393937
66663035326639306531393531646632383338343138386437373035643531636534383239393532
33663732343432346530653663353164643764393932666662393565303432616531323164396432
37336133343662653566323962636239636630366264373062633937323838316131346130636561
64646666666334643365636131396532353063393665326562313030626134306332383137653065
34313933366239636230656532353830356639356332666661306439636332343532343330343338
32336233353937333830303664373934613837663832663166303963626230303935643130336235
31376466633535623636333262383939346465363462373438383234383461343834316464346265
65663533653232376639633465373166396136366638353262646439323137623562346166343865
34613833313166353661663334303661376438356265306137623231613465336164316139396263
31383030666237343336326334313665393832383166653862643362653834326233376663653630
62396535383838663964383338323566363030643739643136323262383061666534386235353036
30333862303433393532613035303166356133353466643635323162346139306437613963356266
30366366323735383335643738643332666132376638336631366565663136383832613364303639
37366565383833656265376163613566373230383863346464336139333536363834383661313736
63616338623636336166393865383331333563333266626565646264363439633630363830386266
64343036623938633461656133376238383832336437376335666234326563386366303031343565
61333664323936363033323565363539333064376134366331613137363636613335643366366532
64666532656139303134383733353566636634323830353636346262616461376430366636303064
66306437366230626436323131366363653662376438623063636432653364356438393062386165
64613939636534373934343733316139613931323235643738653066383461383464373666333539
38633862323231323137353261363332383131343964393230663163636465323061373030346633
34393636643063323363366431333432376539326435353832326534313266646265623932663832
31363037323163613364346462313335626331323930303766396432303735616339666664356365
35393637343563356530643832653132633165303962633931303462616631336234613162376539
38343765663333316336356565616135613337303463393037396465623034613061353532643934
39306438363066346431623734653337393137373334363837316633306137623537333338333233
38336533363532663764366665613236643664616335643233393061336363623566323337393330
3764303166646137386536623664656430333763326633623134
