$ANSIBLE_VAULT;1.1;AES256
36346338303830336462326162313936366534373238633532336462363665623035636561353434
3035623537623031326539313638356537373836376338330a313638346164616462653538383033
37336231653735653037306664643362623339623537653436373031393334353532313830303037
3634333530656334640a373834326639376437653561613763653438393236333664656536613438
32336134336636363762646265326535663537316561393532366231623638643731356331663630
30376566653335666637346662653433363232373739396138353231383362646365373332303835
39303264373032393562313366616135376631643037636564383430326163386364373936383333
33306339326163623235383634363166613838366436363561623639643066623333396561303665
35656535656439373137393839633063633462373339346566363564393034393537646339333832
35383763613963333031326264343737623263663339653436663934393961383835643735363733
64636630393632653335306632646639643565633764353562366362643465656330313663323765
66363262343439656462356331366432633362623038333633626165653563616239623033393736
32653839356561663837333262326538303161646464343531653334333737303664386631313331
62313864323838656336383434313535373935633336356439663035626631386137616336326439
38313866653031326530353439313061393738393335666231616661343636316265373236646661
61366431366130326532663630326131336562633036663535613737376366663037326239363137
65393234346161643666386536313830626532656665346465386330316636633862353536373130
61666530376638303861343539626635363937383531396130393034316566303539346461383061
36643861613037386438646431653130396665303861653764626163626532666361623565323865
66333762353336333334326463313836613630303537363238643663636165373235323530643065
30653864343438346339636637653236356238353431656236653136326130666564613561333761
65363038373432396464323932303539646165616563366235396162356164643139633139613465
39666436653933376233316435353964643565633861656161313631613438376239366338313238
32643462366361613033633633343162613239646664383730386264373361666634353465303933
30633532383338373433623761343164336639623536636436656138326164316263663331356363
66323432346561323566363339626532616439613839643832376238623933623563656639376363
34363232363832636334313537373931323332373039343230323934373035303866353265643537
30623630316638343530653564323766326236623636396434323637323366346662326334303031
64333534623234643162386364366166326333616163656163336234303066653966656235633538
62613831386332646230663866376565376230333634623164636233623863386663326330343166
34323937323230396332363531636336653361393339383263306432363061396664613563613661
62643137333166356563303835623962356462636636363537306634613263313766363733366335
35313131313331386636333361613762636337376235636363336636356338396264663539333636
36373836616236356332343530663737613431366334646136643132323430343434346335396439
38623232353537623337643033623633303561393864323534656632616638303735313839633332
34346538323738373565653963653339393438663665383136613830316237383631636634356532
62353663386563356135353834326432386662333632393062663736323634323130653331626263
36376134303130666131333761353663373136633966386463346331633461363034663662356130
31626364323838376163303037366661333764663030653938326335643638386437316239666561
35363639323161653137616362383734613531373665323666316266353161306339373137303933
61633038653063353330636239333434623761623238313938323636356338653634373037633235
37396664613264656636396239383938646566333865383133633130363237643035303737636364
63386331663635333036653038373739346434306564373239313963636663623064656566346131
36613735633364643133363166623732313035313939356565373336353234326261346434393430
66303063653830383862666338333131386334393339366433303637366261626239643030396232
35393137323464313661623533666534666433663739656237326363346566393335316238333139
33653534316430633664656366306639393665363862376531363065613766303836343839306439
30656638343739356261393439643463326633336435393366303263353835313638663236666462
63326233643035343262393966323233363130363565613566636336636238356431393163663362
64366362663666363035623965643031323339353133376466643439326564366135326234346266
34373838303133343461323662376263303231383032353033323936386138386464616131313435
38653962393739636164626261393339383836396662343632336435336666383435393032663165
30396431373538393537313365656664666331653737323738333665663963316537313233306435
64313035343532633031653031353261333063333630343833633063333138653231306136313865
64666364356235363531316566326633373838633565666337373137663562623733616264356666
66386632326163356238653965313062646239353332336237393565653562633961653738323138
38633735376562343831373462353863356561363265623630353332643265326565613634373636
64333863663861663562313335353265653062636136346234666630613665616639633537666635
39666365353935643035346465386330383163616233636237653832393432393063373563336630
66363233636263653932343336356539346233386632636166333931303561663761656664343763
63353731303938356339303833353036383733666631373466643434613566623061623630663233
39313861393562663962396166633831636332326433363330323661373665316461343063633234
35646536626135356239646133356330396630343161333136393634383538376231663232626636
64613034353639633037643965633030383235303431303065393965613634303934663730383564
35333339346631326530643038326263643766653766616535313831363166643434346566616665
37353730316632393962313732306163356237366136343433326263646665393630366530666434
32343732633838333063386663396536626539326663616330343930396235633161626561323862
38336638363134613737353335303430643164636461373964363034316462306164356338366437
35626630373862616230663465306534663366343130356364666164666131366436376562306432
61623136376464336434396663313135343635616339393862336437656361656137373032323433
39613539393863303264613232343938333666396333346234636635623764336262323338666233
38643636643634656337396363623039663162643261333564396564363664383136626630346130
37643564393137336632376564336536653334383530643635373931306234663036636537633865
66646166663336306465353866616231386134636332333461633434616236306161376534613039
30353261646133616236303963363333376563323231346437626464356666653135636161633332
30313065303761333337663039366635383532323166626532323031393637323831623438333366
32633737353864353464383063316432613331363038393161636133616633653065633833353365
38373536313163656437396663353566653261653161346562626131316334363266613263333238
63656333653733316463633830626461363232626261643836326333313631396338373662646537
39653131623137343665623336353835613739323835373634336435353236396661343562303931
35336635623763396463326461303137633032623263353437626162643164356665363634356261
62663230663861323966393636636563376661326265333866323038386230336130333063303934
64636662363939643563336639366132386233303464346664613333346535316432663164323462
34316333636330343636663332626639663365643539356339376631643939356662353862666338
36663466353738656332313131656464363334376533633361616662653034353665663964383461
65356138653639636466366134313465346132333635353663333238353162393937363566336238
38323335303062303563343963336262303138633837643736383563353132353436626131613964
64373865313266363566363533383038303435356663643535323630616536366335393466653338
32316230633835633962666563653732646266626463656662396538643238396531396530393364
61323531393963666131343238383234323732313162333532613161363461663331346362643630
62323636373964343130376363656134326632306632623431306462316232396239336138633639
31316339326432643035633361303031306266626466343664313338623431613938326337316566
65663864623863613332383861386334646636353037386463373933383462353638653039636534
61326666646437356166393038303631663462323038316363303065663164343831366662313533
36613866366464303663613837663631353565366362373738383661313431653164623930303035
32306363373438646566316365613436666632346265373231653738306333363433636465613333
32623038623432306538316632633865346437653166313237633466316537323064646636626133
30386461393664313866393664383530626464653136636239313233356231313635666161313630
66666661343134313361373931643935653134636336653337376137646463396163646338666434
33636262643739386230336665353333363230656434653437646639353234383639626531643033
39626561643361306365653836356666663562643137373338613136623164633839356466393035
38626266623936383830376161373936653031393637623461653263383666353637663232373563
37653465323261336333666666393137646536313235653037323937353534643134643439613636
30626263636439376262353663396332363262653631323261663264643732323461393761313239
66396536333862663930346238383131303465383962306336396335353332616236346163353839
38316264396537663335363961383565646664373462656164633564393363343030336430623562
65626664366561336436633561376430636332323336336530366163366337613138383666376536
36386261306137626337323430306662373137646365313539303737633137316231633364646661
32343862323231663761393130383165333333306238353534636238626336373561316138306538
39616637356139666566363138373438653566643962313737623436343838383962623362396238
37653065633066636565376337613431633639663038663530393638396664313337613065343566
31393361366532373830663537336130303731346533383535663437613966666263376164646565
30303435633634613933316330616538393530363066376432313737623265623761666131656238
65663861643631636131623538646561376263633531383133356563363832626131373731613635
32646333386161306539353064326637626561373731353333366332643630306632393834626436
31303466373561393266643636323834383436336338396232376264353066366633656364616336
32653363383263336638303334376637643261363734383363353132376630643466633466653564
32653339613266356635336639376538343937366333383735383465393765323534373636663666
64663262383263663436373365333762363537376461346164663338653238613266313930616361
33336638363263383566643331663230346438393163363263363162303534353130373865626566
34373163323935303463613561303964323861393161336232656364376464353063346239633039
66373065653430303761376638343036663135383230636666363364396135313730393739643735
63656639313864613065363837653663646462663661646163323461336330323537373062306233
62373037666330303337353862393163356564333933313864306339313031666239336561343862
30653536616263633165316131653030646230613561303865356435613335666131656463323666
30373961666438373463623266323063333631646234396137323539623361303634636531343837
34353032633862316639663633623864316565376634376430643539313835663233303761383632
39616461363762373334366261373336376637346164613938663736313739326361373533643231
66653630346536373964646136666565653338376337623936343133306362663937393532313161
66316630333239383536633963626261333666633237656131393761376366323063323564383936
37343230636232333631643239363633633835643931643534383837333336396438343866653435
61393264383133323561613366356632356438333239353564613363663230356436633866393666
32626333346639346234646235353064323661366431633234363939636538663431353730313230
36633564626363343662643563313035626335323636323139643639386131306265396530653165
66613765653031343233343336653265656539346464356433623762396637383265623533646434
37626235343765383939303761643966303964316564326638306639613937343536616363663363
33366566373135636637616337666639303461633262633236356135613833373834353837343638
38346234323964663261613431633736373361363232313030353736613539356165393739333633
61373632313765613930633030333166313538353063336534323433363339653734636366313461
34656532326430353239363065353134356163366534376638653862633832633335393431626137
64336634623766333837333134663736356464653133313938323262333464353061396264353537
64636338333333393638333330636362323530633736336537623031646430306436616131656634
35373235396234656434303664663437653638373762383136393437313961343337633031313239
30626232383034636231393932376161613334623163366562353465356432323062396363663737
37306132366234323032353862306439323431343863393135333064356230343437653732636664
38616639613565316361343066313139363936646239356337393036633436666465396332313566
65326332326635303532313339663235326533643661393338306165646663636332643339633839
65363136373135653464393834626665333263306435306435653130383062343630386134313061
38363965623936636465363430333331366532333461363839613965646430383031323363376166
34383937656135633864303766343731623633356232393365336333336135303532353737376361
31393264646432313735613166323361653035613162313036626431656530623637623237313165
34636461333163386536613163396334376336613265353137373538326537396330383866643234
65613730363030326434656139383033663534346465303066373637313564383238346130656338
38353265356236343031646462613765366539303739626163616136393138303566386232323839
31666333346164333534383462323763303839353634333931346266623761333331663035653063
64323237323738666331656433376136666133616135633165643935373835393632343762313861
36626161303763383164623834366163373765653533663030366134376537666138393462326532
34346137643963633238333437386632633237366431346466306232303935633231653531316332
38386261613964333361636633383830663566333831333035353036376466343132353739343066
64636366363235316234633531326531653066313032646633393637306639353963316566663031
36616334633239336530333164393036326462663961313335383134626165326234323833303461
66363036333133333636376563313163663261613033666539656337363538663465616364373437
64656461623938393462303364623330366435633733663161373932613564376134346230643863
64663234303133356635393934316463363465633866656637393033613736353230383238623162
31653363343939646361373030323465313339323735613135373730633735666133353736303237
6234643531383436616332613539336466653236613335633566
